 1850 -0.671 -0.296 -0.699 -0.508 -0.329 -0.237 -0.130 -0.207 -0.357 -0.442 -0.150 -0.239 -0.355
 1850     24     21     19     19     19     21     22     23     24     24     25     25
 1851 -0.222 -0.328 -0.408 -0.465 -0.280 -0.247 -0.163 -0.170 -0.062 -0.053 -0.025 -0.048 -0.206
 1851     24     23     22     22     21     21     22     24     19     21     19     21
 1852 -0.300 -0.445 -0.488 -0.568 -0.196 -0.056  0.068 -0.194 -0.093 -0.197 -0.196  0.114 -0.213
 1852     24     23     23     23     24     24     24     24     22     23     23     26
 1853 -0.125 -0.296 -0.222 -0.319 -0.252 -0.138 -0.048 -0.139 -0.366 -0.353 -0.265 -0.453 -0.248
 1853     26     27     28     25     27     29     28     30     31     32     29     30
 1854 -0.321 -0.252 -0.224 -0.367 -0.218 -0.202 -0.240 -0.148 -0.118 -0.180 -0.375 -0.378 -0.252
 1854     32     31     31     30     30     28     30     33     29     31     31     30
 1855 -0.187 -0.375 -0.277 -0.250 -0.366 -0.294 -0.274 -0.152 -0.301 -0.159 -0.264 -0.466 -0.280
 1855     29     32     28     31     33     31     33     34     31     29     29     27
 1856 -0.111 -0.298 -0.380 -0.347 -0.171 -0.238 -0.346 -0.304 -0.366 -0.390 -0.571 -0.525 -0.337
 1856     30     33     33     35     35     33     33     35     32     35     35     34
 1857 -0.495 -0.348 -0.574 -0.623 -0.490 -0.324 -0.484 -0.319 -0.363 -0.420 -0.586 -0.233 -0.438
 1857     35     34     34     32     34     31     35     35     34     36     31     29
 1858 -0.381 -0.578 -0.487 -0.508 -0.577 -0.453 -0.263 -0.235 -0.275 -0.186 -0.480 -0.407 -0.403
 1858     31     30     30     32     29     28     30     33     32     29     30     32
 1859 -0.302 -0.200 -0.306 -0.152 -0.172 -0.186 -0.290 -0.138 -0.434 -0.272 -0.263 -0.266 -0.248
 1859     32     31     31     30     30     31     29     31     28     27     27     28
 1860 -0.177 -0.371 -0.446 -0.230 -0.251 -0.211 -0.228 -0.218 -0.115 -0.296 -0.474 -0.583 -0.300
 1860     29     25     26     27     28     25     24     26     22     24     23     21
 1861 -0.724 -0.405 -0.413 -0.369 -0.697 -0.205 -0.258 -0.126 -0.288 -0.340 -0.337 -0.231 -0.366
 1861     21     20     16     14     13     15     16     17     16     17     17     18
 1862 -0.704 -0.818 -0.414 -0.224 -0.195 -0.337 -0.320 -0.649 -0.429 -0.339 -0.669 -0.754 -0.488
 1862     18     18     17     17     20     19     20     19     20     18     16     16
 1863  0.054 -0.067 -0.211 -0.253 -0.353 -0.380 -0.371 -0.262 -0.292 -0.323 -0.301 -0.322 -0.257
 1863     18     16     17     17     19     19     16     17     15     15     15     15
 1864 -0.882 -0.561 -0.459 -0.512 -0.397 -0.117 -0.145 -0.274 -0.445 -0.677 -0.453 -0.563 -0.457
 1864     16     17     15     15     16     18     17     18     15     16     17     17
 1865 -0.043 -0.492 -0.558 -0.175 -0.256 -0.237 -0.096 -0.245 -0.085 -0.301 -0.228 -0.310 -0.252
 1865     16     15     14     15     15     16     14     15     14     13     15     15
 1866  0.079 -0.177 -0.549 -0.266 -0.570  0.078 -0.001 -0.258 -0.229 -0.337 -0.240 -0.339 -0.234
 1866     17     16     15     15     14     15     16     15     15     15     15     15
 1867 -0.311  0.005 -0.615 -0.235 -0.541 -0.290 -0.239 -0.254 -0.090 -0.145 -0.338 -0.665 -0.310
 1867     14     15     18     16     15     15     16     15     15     16     16     16
 1868 -0.649 -0.432 -0.073 -0.312 -0.098 -0.224  0.108 -0.084 -0.211 -0.267 -0.468 -0.133 -0.237
 1868     16     15     17     17     17     18     19     19     21     20     21     19
 1869 -0.278  0.214 -0.584 -0.209 -0.288 -0.399 -0.322 -0.092 -0.221 -0.440 -0.371 -0.395 -0.282
 1869     18     19     21     20     21     19     18     22     24     24     24     24
 1870 -0.094 -0.436 -0.401 -0.169 -0.148 -0.215 -0.024 -0.247 -0.278 -0.405 -0.153 -0.694 -0.272
 1870     26     26     26     23     21     24     25     23     22     19     23     21
 1871 -0.511 -0.568 -0.003 -0.130 -0.313 -0.229 -0.002 -0.229 -0.445 -0.481 -0.538 -0.582 -0.336
 1871     19     19     21     26     23     22     21     26     22     21     23     25
 1872 -0.305 -0.402 -0.503 -0.171 -0.034 -0.206 -0.126 -0.031 -0.134 -0.257 -0.260 -0.446 -0.240
 1872     26     24     22     25     25     25     23     25     25     25     25     29
 1873 -0.051 -0.399 -0.287 -0.521 -0.391 -0.277 -0.148 -0.161 -0.374 -0.414 -0.455 -0.274 -0.313
 1873     26     23     26     24     25     25     24     28     24     24     27     26
 1874  0.023 -0.425 -0.568 -0.520 -0.428 -0.462 -0.157 -0.359 -0.174 -0.459 -0.495 -0.401 -0.369
 1874     24     25     26     27     23     23     25     24     25     29     27     27
 1875 -0.562 -0.563 -0.583 -0.454 -0.183 -0.215 -0.291 -0.194 -0.268 -0.328 -0.497 -0.535 -0.389
 1875     26     26     29     27     26     27     28     28     25     26     26     27
 1876 -0.358 -0.281 -0.378 -0.294 -0.532 -0.288 -0.139 -0.232 -0.419 -0.411 -0.595 -0.692 -0.385
 1876     27     28     27     24     26     31     29     28     23     26     28     29
 1877 -0.341  0.015 -0.263 -0.304 -0.424 -0.072  0.035  0.150  0.028  0.062  0.093  0.179 -0.070
 1877     26     26     28     27     25     26     27     28     30     26     28     30
 1878  0.135  0.372  0.322  0.297 -0.107  0.001 -0.063 -0.031  0.004 -0.138 -0.229 -0.372  0.016
 1878     30     29     27     29     26     27     29     32     30     29     31     33
 1879 -0.212 -0.167 -0.118 -0.218 -0.240 -0.265 -0.240 -0.167 -0.218 -0.131 -0.418 -0.543 -0.245
 1879     29     33     34     33     35     37     34     37     33     32     32     34
 1880 -0.081 -0.185 -0.131 -0.169 -0.276 -0.333 -0.274 -0.140 -0.237 -0.409 -0.424 -0.304 -0.247
 1880     34     35     32     31     30     35     36     37     34     35     36     37
 1881 -0.386 -0.253 -0.220 -0.160 -0.051 -0.235 -0.125 -0.117 -0.241 -0.272 -0.326 -0.137 -0.210
 1881     36     36     36     36     34     35     36     39     38     38     40     38
 1882  0.101 -0.023 -0.066 -0.296 -0.389 -0.318 -0.216 -0.223 -0.149 -0.336 -0.314 -0.494 -0.227
 1882     39     38     39     40     38     37     40     39     39     38     36     37
 1883 -0.414 -0.326 -0.363 -0.394 -0.259 -0.138 -0.218 -0.232 -0.284 -0.393 -0.331 -0.342 -0.308
 1883     42     42     41     38     39     40     42     44     45     45     43     43
 1884 -0.412 -0.231 -0.478 -0.523 -0.418 -0.429 -0.443 -0.417 -0.372 -0.354 -0.589 -0.429 -0.425
 1884     41     43     40     44     47     47     46     47     47     48     46     46
 1885 -0.536 -0.433 -0.508 -0.478 -0.542 -0.483 -0.331 -0.503 -0.337 -0.273 -0.280 -0.173 -0.406
 1885     46     47     46     46     47     44     45     49     49     50     46     52
 1886 -0.428 -0.496 -0.411 -0.351 -0.216 -0.402 -0.301 -0.348 -0.438 -0.391 -0.441 -0.441 -0.389
 1886     49     49     51     47     46     50     49     51     47     50     47     48
 1887 -0.605 -0.582 -0.483 -0.473 -0.401 -0.420 -0.314 -0.396 -0.365 -0.506 -0.434 -0.424 -0.450
 1887     48     46     46     46     44     44     47     48     46     43     46     43
 1888 -0.616 -0.482 -0.569 -0.263 -0.342 -0.313 -0.320 -0.296 -0.240 -0.129 -0.214 -0.187 -0.331
 1888     44     46     45     47     44     43     46     47     44     45     44     45
 1889 -0.092 -0.118 -0.084 -0.017 -0.093 -0.169 -0.208 -0.244 -0.394 -0.321 -0.409 -0.185 -0.195
 1889     45     45     42     42     42     42     41     43     42     40     41     42
 1890 -0.367 -0.382 -0.476 -0.347 -0.416 -0.408 -0.419 -0.426 -0.502 -0.507 -0.571 -0.425 -0.437
 1890     45     39     38     42     42     42     41     43     40     38     39     41
 1891 -0.539 -0.502 -0.400 -0.383 -0.213 -0.284 -0.326 -0.322 -0.214 -0.333 -0.551 -0.126 -0.349
 1891     40     39     37     39     41     39     37     36     36     35     42     40
 1892 -0.405 -0.149 -0.489 -0.494 -0.423 -0.430 -0.514 -0.447 -0.360 -0.461 -0.642 -0.810 -0.469
 1892     38     40     40     38     38     38     36     38     38     35     37     36
 1893 -0.993 -0.748 -0.401 -0.564 -0.590 -0.476 -0.273 -0.311 -0.442 -0.287 -0.440 -0.366 -0.491
 1893     37     38     39     39     37     36     37     41     40     39     38     37
 1894 -0.502 -0.395 -0.386 -0.413 -0.469 -0.530 -0.345 -0.337 -0.449 -0.473 -0.439 -0.432 -0.431
 1894     40     38     39     39     38     38     37     41     41     39     38     41
 1895 -0.541 -0.703 -0.534 -0.435 -0.449 -0.365 -0.362 -0.306 -0.296 -0.352 -0.291 -0.342 -0.415
 1895     41     39     38     37     39     40     38     43     41     43     40     42
 1896 -0.249 -0.252 -0.430 -0.378 -0.244 -0.142 -0.146 -0.093 -0.136 -0.157 -0.318 -0.047 -0.216
 1896     44     42     42     40     38     41     42     42     41     42     44     43
 1897 -0.228 -0.175 -0.304 -0.098 -0.066 -0.178 -0.191 -0.180 -0.177 -0.283 -0.468 -0.497 -0.237
 1897     41     40     39     41     44     42     41     43     45     43     42     42
 1898 -0.141 -0.426 -0.772 -0.608 -0.484 -0.336 -0.403 -0.326 -0.359 -0.592 -0.483 -0.395 -0.444
 1898     45     43     41     42     45     46     44     44     43     45     43     45
 1899 -0.237 -0.524 -0.604 -0.387 -0.349 -0.433 -0.308 -0.191 -0.159 -0.188 -0.032 -0.498 -0.326
 1899     43     42     43     43     45     44     44     47     47     44     45     45
 1900 -0.334 -0.227 -0.327 -0.294 -0.327 -0.220 -0.227 -0.216 -0.241 -0.088 -0.287 -0.093 -0.240
 1900     44     41     40     39     42     41     42     43     43     43     44     45
 1901 -0.223 -0.325 -0.269 -0.237 -0.228 -0.196 -0.248 -0.239 -0.382 -0.321 -0.443 -0.467 -0.298
 1901     47     48     46     46     44     44     43     47     47     46     46     45
 1902 -0.258 -0.274 -0.442 -0.484 -0.455 -0.446 -0.439 -0.433 -0.422 -0.531 -0.579 -0.552 -0.443
 1902     48     46     48     47     48     49     50     52     49     48     49     48
 1903 -0.324 -0.239 -0.403 -0.542 -0.524 -0.593 -0.528 -0.621 -0.575 -0.689 -0.691 -0.647 -0.531
 1903     47     49     48     48     50     51     51     52     51     48     48     52
 1904 -0.715 -0.688 -0.737 -0.619 -0.592 -0.585 -0.582 -0.530 -0.517 -0.521 -0.435 -0.460 -0.582
 1904     50     50     50     48     50     49     48     51     51     51     49     52
 1905 -0.511 -0.747 -0.510 -0.584 -0.393 -0.356 -0.338 -0.304 -0.346 -0.388 -0.247 -0.228 -0.413
 1905     49     48     48     48     51     50     52     51     49     49     54     51
 1906 -0.120 -0.282 -0.321 -0.152 -0.374 -0.325 -0.342 -0.351 -0.406 -0.375 -0.464 -0.312 -0.319
 1906     50     53     51     50     51     55     51     55     49     48     51     51
 1907 -0.454 -0.525 -0.398 -0.528 -0.605 -0.558 -0.426 -0.487 -0.425 -0.391 -0.616 -0.554 -0.497
 1907     55     52     49     51     50     52     52     54     54     50     54     54
 1908 -0.423 -0.430 -0.644 -0.566 -0.498 -0.501 -0.484 -0.551 -0.480 -0.614 -0.637 -0.600 -0.536
 1908     50     53     54     53     52     50     52     54     50     54     54     56
 1909 -0.603 -0.567 -0.706 -0.626 -0.610 -0.530 -0.595 -0.330 -0.419 -0.510 -0.439 -0.609 -0.545
 1909     55     54     53     54     53     54     57     55     54     56     55     56
 1910 -0.371 -0.536 -0.500 -0.465 -0.494 -0.506 -0.483 -0.456 -0.459 -0.502 -0.670 -0.683 -0.510
 1910     56     55     52     51     54     55     53     55     54     57     57     56
 1911 -0.563 -0.773 -0.714 -0.734 -0.622 -0.574 -0.529 -0.513 -0.515 -0.465 -0.391 -0.307 -0.559
 1911     60     58     57     55     54     53     56     59     50     55     54     56
 1912 -0.361 -0.312 -0.392 -0.380 -0.391 -0.329 -0.481 -0.571 -0.570 -0.649 -0.542 -0.487 -0.455
 1912     55     56     55     56     57     55     57     57     55     56     56     56
 1913 -0.472 -0.511 -0.574 -0.445 -0.526 -0.541 -0.455 -0.403 -0.425 -0.437 -0.291 -0.208 -0.441
 1913     59     63     64     59     61     63     62     63     63     63     61     62
 1914 -0.100 -0.230 -0.331 -0.406 -0.321 -0.309 -0.348 -0.259 -0.329 -0.129 -0.167 -0.290 -0.268
 1914     60     62     61     62     60     62     59     60     52     53     55     55
 1915 -0.195 -0.126 -0.199 -0.073 -0.183 -0.206 -0.165 -0.118 -0.154 -0.295 -0.164 -0.300 -0.182
 1915     53     51     52     53     51     51     53     53     53     51     52     55
 1916 -0.273 -0.206 -0.427 -0.371 -0.366 -0.494 -0.355 -0.380 -0.366 -0.425 -0.547 -0.643 -0.404
 1916     53     53     53     51     53     50     51     55     53     53     52     50
 1917 -0.664 -0.777 -0.868 -0.527 -0.699 -0.433 -0.217 -0.279 -0.160 -0.442 -0.429 -0.679 -0.515
 1917     52     49     52     50     49     49     48     49     48     53     48     47
 1918 -0.549 -0.556 -0.498 -0.528 -0.503 -0.416 -0.393 -0.440 -0.300 -0.144 -0.100 -0.246 -0.389
 1918     51     49     49     46     46     47     47     48     46     44     42     44
 1919 -0.134 -0.134 -0.372 -0.149 -0.288 -0.298 -0.380 -0.376 -0.302 -0.397 -0.586 -0.497 -0.326
 1919     45     45     44     46     50     49     47     48     47     48     51     48
 1920 -0.265 -0.403 -0.137 -0.308 -0.253 -0.204 -0.308 -0.251 -0.135 -0.201 -0.325 -0.377 -0.264
 1920     47     50     49     48     51     47     50     53     50     52     50     53
 1921 -0.197 -0.208 -0.282 -0.254 -0.258 -0.149 -0.171 -0.279 -0.163 -0.154 -0.310 -0.182 -0.217
 1921     56     55     55     55     55     54     53     59     55     56     57     57
 1922 -0.411 -0.295 -0.271 -0.235 -0.412 -0.332 -0.268 -0.353 -0.298 -0.350 -0.300 -0.316 -0.320
 1922     57     61     59     58     57     60     60     63     62     58     61     61
 1923 -0.241 -0.437 -0.432 -0.372 -0.337 -0.264 -0.375 -0.380 -0.331 -0.253 -0.037 -0.030 -0.291
 1923     63     61     64     60     62     63     63     65     63     62     62     61
 1924 -0.343 -0.245 -0.302 -0.305 -0.250 -0.242 -0.284 -0.302 -0.301 -0.320 -0.372 -0.548 -0.318
 1924     62     64     63     60     64     61     64     64     64     59     63     60
 1925 -0.434 -0.303 -0.244 -0.303 -0.219 -0.279 -0.251 -0.141 -0.211 -0.324 -0.087 -0.039 -0.236
 1925     63     64     61     63     62     60     63     63     60     60     65     62
 1926  0.082 -0.031 -0.053 -0.189 -0.228 -0.110 -0.260 -0.110 -0.131 -0.088 -0.124 -0.258 -0.125
 1926     64     64     63     61     62     62     63     62     64     65     63     62
 1927 -0.271 -0.154 -0.356 -0.271 -0.284 -0.274 -0.179 -0.165 -0.147 -0.059 -0.183 -0.429 -0.231
 1927     62     66     67     67     67     66     64     68     66     65     66     64
 1928 -0.074 -0.155 -0.373 -0.267 -0.296 -0.365 -0.196 -0.206 -0.239 -0.172 -0.185 -0.276 -0.234
 1928     64     64     64     65     66     63     65     67     65     64     64     65
 1929 -0.517 -0.685 -0.448 -0.421 -0.407 -0.357 -0.401 -0.224 -0.289 -0.203 -0.089 -0.489 -0.377
 1929     65     65     64     65     66     67     64     68     64     65     64     64
 1930 -0.368 -0.311 -0.191 -0.194 -0.219 -0.202 -0.153 -0.080 -0.123 -0.084  0.052 -0.111 -0.165
 1930     64     63     64     63     66     64     64     67     62     65     63     64
 1931 -0.033 -0.201 -0.130 -0.188 -0.159 -0.031 -0.027 -0.055 -0.060 -0.064 -0.165 -0.138 -0.104
 1931     64     66     65     66     66     66     63     64     64     63     65     66
 1932  0.119 -0.234 -0.270 -0.095 -0.184 -0.219 -0.141 -0.219 -0.042 -0.182 -0.274 -0.210 -0.163
 1932     66     66     66     66     68     67     66     64     66     66     65     67
 1933 -0.313 -0.354 -0.379 -0.245 -0.263 -0.275 -0.220 -0.186 -0.276 -0.226 -0.338 -0.560 -0.303
 1933     65     63     65     65     63     60     63     66     66     65     68     65
 1934 -0.223 -0.183 -0.397 -0.284 -0.110 -0.074 -0.098 -0.077 -0.125 -0.112 -0.001 -0.162 -0.154
 1934     67     64     67     65     65     61     66     66     65     65     67     68
 1935 -0.281  0.096 -0.262 -0.282 -0.302 -0.215 -0.174 -0.186 -0.166 -0.085 -0.346 -0.311 -0.210
 1935     66     67     69     66     65     67     66     70     68     70     69     69
 1936 -0.335 -0.400 -0.339 -0.245 -0.198 -0.178 -0.055 -0.073 -0.125 -0.010 -0.105 -0.041 -0.175
 1936     72     72     72     70     69     70     68     72     71     70     70     70
 1937 -0.183  0.011 -0.318 -0.155 -0.102 -0.028  0.017  0.068  0.087  0.091 -0.025 -0.142 -0.057
 1937     71     71     71     69     67     70     72     71     68     68     69     68
 1938 -0.029  0.012  0.015  0.030 -0.115 -0.108 -0.035 -0.014  0.017  0.117 -0.008 -0.328 -0.037
 1938     70     70     71     68     69     68     69     70     68     67     69     69
 1939 -0.093 -0.066 -0.308 -0.152 -0.047  0.038 -0.013  0.002 -0.095 -0.300 -0.146  0.226 -0.080
 1939     69     70     70     69     67     68     66     64     60     57     58     59
 1940 -0.267 -0.056 -0.102  0.007  0.015  0.025  0.091  0.035  0.060 -0.005 -0.117  0.140 -0.014
 1940     60     58     58     56     61     59     60     63     58     58     58     57
 1941 -0.170 -0.065 -0.202 -0.038 -0.083  0.084  0.072 -0.013 -0.168  0.178  0.000  0.040 -0.030
 1941     60     62     62     60     59     64     63     66     62     64     63     50
 1942  0.200 -0.096 -0.070 -0.049  0.010  0.063 -0.061 -0.048  0.007 -0.074 -0.068 -0.032 -0.018
 1942     55     60     60     58     56     54     55     56     53     53     56     52
 1943 -0.212  0.067 -0.185  0.028  0.001 -0.079  0.034  0.042 -0.012  0.229  0.002  0.192  0.009
 1943     52     54     56     52     52     52     52     55     54     53     52     55
 1944  0.300  0.141  0.150  0.055  0.082  0.162  0.235  0.256  0.291  0.217  0.014 -0.029  0.156
 1944     58     58     58     58     56     57     55     56     56     54     54     53
 1945 -0.015 -0.088 -0.033  0.187 -0.102  0.001 -0.070  0.357  0.169  0.154 -0.006 -0.214  0.028
 1945     55     55     53     51     52     52     50     52     47     50     52     54
 1946  0.067 -0.007 -0.132  0.078 -0.154 -0.315 -0.099 -0.184 -0.088 -0.092 -0.156 -0.447 -0.127
 1946     52     55     53     57     57     55     60     63     58     58     60     62
 1947 -0.196 -0.263 -0.137  0.031 -0.136 -0.049 -0.081 -0.116 -0.150 -0.011 -0.027 -0.270 -0.117
 1947     60     64     60     60     60     60     63     64     60     57     61     61
 1948  0.035 -0.188 -0.238 -0.114  0.047  0.006 -0.158 -0.061 -0.132 -0.043 -0.137 -0.255 -0.103
 1948     61     63     62     61     59     60     63     63     60     61     61     61
 1949  0.102 -0.201 -0.230 -0.053 -0.100 -0.227 -0.144 -0.089 -0.134 -0.079 -0.148 -0.244 -0.129
 1949     69     68     70     69     67     67     68     69     69     68     69     70
 1950 -0.359 -0.302 -0.220 -0.219 -0.130 -0.111 -0.076 -0.142 -0.147 -0.163 -0.438 -0.307 -0.218
 1950     71     71     74     68     70     66     70     71     69     67     70     74
 1951 -0.395 -0.501 -0.326 -0.130 -0.044  0.028  0.022  0.099  0.072  0.121 -0.067  0.161 -0.080
 1951     74     73     73     70     68     68     69     72     71     72     73     75
 1952  0.154  0.095 -0.148  0.036  0.015  0.020  0.088  0.062  0.080 -0.010 -0.217 -0.083  0.008
 1952     74     77     75     73     72     71     71     73     72     73     72     74
 1953  0.046  0.131  0.099  0.164  0.131  0.147  0.041  0.076  0.066  0.063 -0.081  0.081  0.080
 1953     76     75     74     71     73     71     72     72     72     72     73     73
 1954 -0.258 -0.107 -0.156 -0.165 -0.212 -0.133 -0.204 -0.111 -0.091 -0.040  0.008 -0.250 -0.143
 1954     74     72     74     71     72     72     71     75     73     73     73     74
 1955  0.114 -0.189 -0.414 -0.262 -0.242 -0.172 -0.215 -0.078 -0.132 -0.187 -0.343 -0.368 -0.207
 1955     74     74     76     73     72     72     70     74     73     73     75     78
 1956 -0.264 -0.378 -0.359 -0.356 -0.308 -0.242 -0.229 -0.287 -0.320 -0.263 -0.309 -0.244 -0.297
 1956     77     79     79     75     73     74     73     73     74     76     77     79
 1957 -0.209 -0.172 -0.235 -0.091  0.033  0.066 -0.035  0.047  0.016 -0.049  0.014  0.112 -0.042
 1957     80     79     81     77     75     74     75     76     76     77     77     80
 1958  0.237  0.122 -0.030 -0.033 -0.005 -0.044 -0.001 -0.037 -0.089 -0.032 -0.032 -0.024  0.003
 1958     80     80     80     78     77     76     76     78     76     76     79     79
 1959  0.042 -0.006  0.029  0.007 -0.041  0.019 -0.012 -0.020 -0.011 -0.087 -0.167 -0.118 -0.030
 1959     81     83     82     77     76     75     76     77     78     77     78     82
 1960 -0.082  0.045 -0.371 -0.216 -0.194 -0.072 -0.077 -0.033  0.015 -0.075 -0.202  0.092 -0.098
 1960     81     82     82     80     78     75     78     77     78     77     81     82
 1961 -0.003  0.122  0.019  0.045  0.060  0.071 -0.028 -0.022 -0.067 -0.088 -0.074 -0.175 -0.012
 1961     83     84     83     81     79     79     79     81     79     80     83     83
 1962  0.008  0.081 -0.030 -0.037 -0.105 -0.103 -0.050 -0.070 -0.061 -0.023 -0.053 -0.084 -0.044
 1962     85     85     85     81     79     79     78     80     80     79     81     83
 1963 -0.113  0.091 -0.224 -0.127 -0.087 -0.095  0.044  0.076  0.070  0.173  0.099 -0.067 -0.013
 1963     85     84     83     82     80     79     77     79     80     79     81     84
 1964 -0.116 -0.186 -0.340 -0.309 -0.240 -0.210 -0.223 -0.312 -0.330 -0.337 -0.363 -0.427 -0.283
 1964     86     85     84     82     79     80     79     80     82     81     82     85
 1965 -0.168 -0.311 -0.285 -0.319 -0.209 -0.169 -0.236 -0.169 -0.129 -0.091 -0.190 -0.123 -0.200
 1965     84     84     85     82     81     80     79     81     81     82     84     85
 1966 -0.163 -0.162 -0.140 -0.153 -0.199 -0.029 -0.028 -0.066 -0.093 -0.162 -0.132 -0.197 -0.127
 1966     86     85     84     82     82     80     79     80     82     82     82     82
 1967 -0.239 -0.290 -0.105 -0.124  0.024 -0.134 -0.125 -0.126 -0.150  0.002 -0.127 -0.214 -0.134
 1967     86     87     85     83     81     81     80     81     80     81     82     85
 1968 -0.308 -0.276 -0.034 -0.232 -0.280 -0.180 -0.176 -0.135 -0.154 -0.084 -0.126 -0.166 -0.179
 1968     87     85     85     83     83     82     81     82     82     81     83     85
 1969 -0.233 -0.233 -0.067  0.037  0.067 -0.026 -0.028 -0.019 -0.050 -0.034  0.061  0.120 -0.034
 1969     88     87     84     84     82     81     83     82     83     82     84     86
 1970  0.015  0.097 -0.124 -0.012 -0.084 -0.082 -0.098 -0.140 -0.093 -0.132 -0.103 -0.222 -0.082
 1970     89     87     87     84     83     82     83     83     83     83     84     87
 1971 -0.158 -0.345 -0.348 -0.274 -0.245 -0.276 -0.167 -0.208 -0.154 -0.195 -0.127 -0.241 -0.228
 1971     87     88     86     84     81     82     84     83     84     85     84     87
 1972 -0.409 -0.314 -0.159 -0.094 -0.077 -0.024 -0.032 -0.008 -0.063 -0.011 -0.005  0.175 -0.085
 1972     89     89     87     85     81     82     83     82     83     84     85     87
 1973  0.147  0.255  0.223  0.153  0.081  0.109  0.033  0.008 -0.041 -0.047 -0.089 -0.104  0.061
 1973     88     88     87     84     84     84     84     85     82     83     86     87
 1974 -0.359 -0.412 -0.220 -0.177 -0.181 -0.146 -0.118 -0.052 -0.127 -0.197 -0.208 -0.228 -0.202
 1974     89     89     87     84     83     81     82     83     82     83     84     87
 1975 -0.044 -0.072 -0.059 -0.051 -0.053 -0.068 -0.082 -0.151 -0.093 -0.214 -0.292 -0.286 -0.122
 1975     86     87     84     85     83     82     82     83     84     82     84     86
 1976 -0.201 -0.284 -0.401 -0.162 -0.286 -0.221 -0.151 -0.178 -0.128 -0.297 -0.133 -0.049 -0.208
 1976     86     87     85     84     83     82     81     83     82     83     83     85
 1977 -0.024  0.117  0.149  0.162  0.127  0.168  0.098  0.047  0.090  0.069  0.193 -0.008  0.099
 1977     87     87     86     84     83     83     82     84     84     83     85     87
 1978  0.073  0.022  0.098 -0.016 -0.001 -0.073 -0.010 -0.120  0.017 -0.056  0.106 -0.028  0.001
 1978     88     88     88     85     84     82     82     83     82     83     83     88
 1979  0.038 -0.078  0.077  0.013  0.032  0.108  0.112  0.139  0.143  0.189  0.189  0.402  0.114
 1979     91     90     89     89     89     88     88     87     86     86     87     90
 1980  0.200  0.273  0.129  0.203  0.197  0.135  0.120  0.099  0.092  0.068  0.178  0.133  0.152
 1980     90     90     89     87     85     85     84     85     83     84     85     89
 1981  0.391  0.267  0.270  0.209  0.128  0.179  0.153  0.183  0.120  0.073  0.136  0.324  0.203
 1981     89     89     90     86     83     83     83     85     83     85     87     87
 1982  0.016  0.068 -0.077  0.092  0.100  0.020  0.041  0.048  0.120  0.059  0.048  0.292  0.069
 1982     88     90     90     87     84     83     83     83     83     84     86     87
 1983  0.474  0.377  0.274  0.176  0.188  0.180  0.205  0.249  0.241  0.151  0.301  0.135  0.246
 1983     89     91     90     87     84     84     84     85     85     84     86     87
 1984  0.168  0.063  0.099  0.010  0.143  0.031  0.008  0.087  0.080  0.024 -0.062 -0.227  0.035
 1984     90     90     89     86     85     85     84     86     85     85     87     87
 1985  0.062 -0.070  0.026  0.017  0.073 -0.004 -0.000  0.075  0.029  0.055 -0.003  0.068  0.027
 1985     89     90     89     88     87     85     88     87     86     87     87     91
 1986  0.179  0.166  0.117  0.135  0.108  0.110  0.047  0.059  0.071  0.117  0.052  0.057  0.102
 1986     90     91     89     89     86     86     86     87     86     87     87     88
 1987  0.177  0.366  0.085  0.166  0.202  0.194  0.329  0.295  0.332  0.259  0.245  0.386  0.253
 1987     90     91     89     88     86     86     87     87     86     86     87     90
 1988  0.460  0.305  0.337  0.299  0.274  0.300  0.235  0.232  0.258  0.209  0.104  0.214  0.269
 1988     89     92     89     88     85     86     85     86     86     86     87     88
 1989  0.078  0.219  0.205  0.160  0.142  0.150  0.224  0.244  0.207  0.223  0.133  0.274  0.188
 1989     89     90     89     88     86     85     85     84     85     86     86     88
 1990  0.277  0.364  0.641  0.441  0.348  0.334  0.300  0.305  0.245  0.400  0.375  0.309  0.361
 1990     88     89     88     88     87     85     84     85     84     85     85     86
 1991  0.365  0.374  0.263  0.445  0.369  0.374  0.373  0.318  0.285  0.253  0.225  0.183  0.319
 1991     86     87     87     85     84     84     84     85     84     84     85     86
 1992  0.423  0.378  0.320  0.191  0.219  0.181  0.027  0.055 -0.022 -0.011 -0.035  0.135  0.155
 1992     87     87     87     84     84     83     81     83     83     83     85     86
 1993  0.367  0.325  0.303  0.199  0.253  0.254  0.187  0.156  0.128  0.165  0.040  0.194  0.214
 1993     86     87     87     86     82     83     82     84     83     82     84     85
 1994  0.256  0.021  0.300  0.274  0.323  0.304  0.218  0.248  0.256  0.365  0.367  0.302  0.269
 1994     86     86     86     84     83     82     82     84     84     84     85     85
 1995  0.499  0.683  0.402  0.363  0.297  0.389  0.399  0.428  0.324  0.397  0.381  0.199  0.397
 1995     86     86     87     86     84     84     85     85     85     85     85     86
 1996  0.180  0.395  0.263  0.188  0.302  0.240  0.273  0.254  0.173  0.182  0.203  0.284  0.245
 1996     87     87     87     85     84     84     84     84     84     84     84     85
 1997  0.272  0.374  0.408  0.332  0.336  0.478  0.447  0.494  0.552  0.615  0.563  0.567  0.453
 1997     87     86     86     85     85     84     84     85     84     83     84     85
 1998  0.568  0.840  0.621  0.731  0.641  0.651  0.726  0.658  0.443  0.448  0.345  0.518  0.599
 1998     85     86     86     84     85     83     84     84     82     83     83     85
 1999  0.395  0.641  0.287  0.380  0.306  0.321  0.334  0.279  0.333  0.296  0.271  0.411  0.355
 1999     86     86     84     84     83     82     83     84     83     84     84     86
 2000  0.261  0.488  0.430  0.524  0.307  0.318  0.302  0.386  0.347  0.266  0.200  0.183  0.334
 2000     87     87     85     84     83     83     81     83     82     83     84     85
 2001  0.399  0.372  0.552  0.502  0.460  0.473  0.500  0.538  0.466  0.447  0.636  0.405  0.479
 2001     85     86     85     83     83     83     83     84     83     83     84     85
 2002  0.693  0.748  0.746  0.506  0.477  0.510  0.540  0.500  0.467  0.441  0.494  0.376  0.541
 2002     85     87     87     84     84     83     83     84     83     84     85     86
 2003  0.643  0.506  0.488  0.482  0.523  0.491  0.526  0.592  0.586  0.668  0.503  0.622  0.553
 2003     85     86     86     84     84     84     84     85     85     84     85     87
 2004  0.547  0.669  0.588  0.546  0.361  0.369  0.405  0.455  0.508  0.529  0.651  0.400  0.502
 2004     86     87     86     85     85     85     84     85     84     84     85     87
 2005  0.604  0.435  0.602  0.644  0.555  0.591  0.578  0.572  0.611  0.655  0.661  0.498  0.584
 2005     87     87     86     85     85     84     85     86     86     85     85     86
 2006  0.412  0.608  0.510  0.450  0.432  0.568  0.534  0.574  0.543  0.599  0.567  0.722  0.543
 2006     87     88     88     86     86     86     86     86     87     87     86     88
 2007  0.874  0.609  0.562  0.637  0.500  0.457  0.486  0.491  0.498  0.496  0.423  0.380  0.535
 2007     87     87     87     86     86     86     86     87     87     87     87     88
 2008  0.198  0.275  0.624  0.371  0.390  0.414  0.497  0.485  0.468  0.585  0.562  0.440  0.442
 2008     88     89     89     88     87     87     87     87     87     87     87     88
 2009  0.528  0.494  0.466  0.561  0.500  0.599  0.593  0.663  0.642  0.586  0.595  0.530  0.563
 2009     87     88     87     86     85     86     86     87     86     86     86     88
 2010  0.612  0.654  0.738  0.759  0.657  0.640  0.666  0.606  0.523  0.556  0.625  0.367  0.617
 2010     88     88     88     87     87     87     87     89     88     88     87     88
 2011  0.384  0.386  0.485  0.562  0.454  0.551  0.585  0.561  0.515  0.514  0.409  0.472  0.490
 2011     88     87     87     86     86     85     85     86     85     86     86     86
 2012  0.364  0.364  0.427  0.648  0.652  0.639  0.596  0.625  0.650  0.633  0.632  0.344  0.548
 2012     86     87     85     84     83     82     83     84     84     84     85     85
 2013  0.535  0.587  0.505  0.507  0.598  0.575  0.595  0.613  0.619  0.585  0.749  0.591  0.588
 2013     85     85     85     81     80     80     81     81     80     81     82     83
 2014  0.603  0.410  0.668  0.728  0.688  0.686  0.613  0.746  0.717  0.711  0.567  0.724  0.655
 2014     84     84     82     83     80     81     83     84     83     84     84     84
 2015  0.788  0.772  0.793  0.750  0.787  0.811  0.781  0.826  0.884  0.919  0.919  1.104  0.845
 2015     85     85     85     83     84     84     84     85     84     85     85     86
 2016  1.013  1.200  1.193  1.026  0.790  0.819  0.817  0.863  0.803  0.675  0.611  0.690  0.875
 2016     86     87     85     86     84     85     85     86     86     86     86     86
 2017  0.857  0.972  0.966  0.838  0.733  0.726  0.775  0.827  0.712  0.700  0.673  0.727  0.792
 2017     86     88     86     85     84     85     85     86     85     84     85     85
 2018  0.659  0.637  0.735  0.735  0.698  0.674  0.709  0.684  0.700  0.781  0.689  0.768  0.706
 2018     85     87     86     85     83     84     84     85     84     83     84     84
 2019  0.835  0.780  0.979  0.879  0.714  0.787  0.825  0.834  0.818  0.846  0.791  0.959  0.837
 2019     84     83     84     82     82     83     83     84     83     82     84     83
 2020  1.110  1.103  1.111  0.899  0.808  0.774  0.766  0.837  0.797  0.711  0.840  0.629  0.865
 2020     85     85     84     83     83     83     83     84     83     83     82     82
 2021  0.652  0.583  0.722  0.704  0.720  0.787  0.832  0.810  0.802  0.801  0.778  0.740  0.744
 2021     82     82     82     82     82     82     82     83     83     82     81     80
 2022  0.830  0.772  0.828  0.776  0.709  0.805  0.768  0.834  0.758  0.821  0.683  0.715  0.775
 2022     81     81     82     81     81     80     81     82     80     81     81     80
 2023  0.836  0.886  1.079 -9.999 -9.999 -9.999 -9.999 -9.999 -9.999 -9.999 -9.999 -9.999  0.933
 2023     80     81     79      0      0      0      0      0      0      0      0      0
